201
 7.52957050e-01
 -1.40935130e-01
 5.19131360e-01
 -4.47972952e-02
 2.56717338e-01
 -1.59424636e-03
 1.42551663e-01
 1.54577472e-02
 8.59134563e-02
 2.04293080e-02
 5.55903627e-02
 2.02881201e-02
 3.82511361e-02
 1.82838263e-02
 2.76824391e-02
 1.58296794e-02
 2.08409048e-02
 1.34816963e-02
 1.61713943e-02
 1.14195882e-02
 1.28418580e-02
 9.67034953e-03
 1.03835673e-02
 8.20642089e-03
 8.51782896e-03
 6.98596249e-03
 7.07021186e-03
 5.96785243e-03
 5.92652990e-03
 5.11631434e-03
 5.00920672e-03
 4.40162265e-03
 4.26392440e-03
 3.79951273e-03
 3.65169497e-03
 3.29029059e-03
 3.14393926e-03
 2.85797980e-03
 2.71931941e-03
 2.48959618e-03
 2.36164051e-03
 2.17455725e-03
 2.05842762e-03
 1.90420877e-03
 1.79994174e-03
 1.67144747e-03
 1.57848716e-03
 1.47042064e-03
 1.38791609e-03
 1.29628706e-03
 1.22326882e-03
 1.14502623e-03
 1.08050866e-03
 1.01328614e-03
 9.56323905e-04
 8.98261204e-04
 8.47978123e-04
 7.97594297e-04
 7.53195520e-04
 7.09297766e-04
 6.70072276e-04
 6.31689553e-04
 5.97007238e-04
 5.63341334e-04
 5.32647246e-04
 5.03036260e-04
 4.75843640e-04
 4.49734386e-04
 4.25617375e-04
 4.02544279e-04
 3.81130846e-04
 3.60699623e-04
 3.41664974e-04
 3.23539852e-04
 3.06600452e-04
 2.90494076e-04
 2.75402324e-04
 2.61067684e-04
 2.47607209e-04
 2.34831141e-04
 2.22812690e-04
 2.11410587e-04
 2.00668452e-04
 1.90479924e-04
 1.80868840e-04
 1.71754140e-04
 1.63146601e-04
 1.54983645e-04
 1.47267590e-04
 1.39949471e-04
 1.33026277e-04
 1.26459173e-04
 1.20241933e-04
 1.14343337e-04
 1.08755363e-04
 1.03452582e-04
 9.84261172e-05
 9.36549952e-05
 8.91300947e-05
 8.48339167e-05
 8.07574816e-05
 7.68860343e-05
 7.32109717e-05
 6.97197344e-05
 6.64042290e-05
 6.32536750e-05
 6.02605544e-05
 5.74155458e-05
 5.47117284e-05
 5.21409912e-05
 4.96970045e-05
 4.73726717e-05
 4.51622308e-05
 4.30594441e-05
 4.10590838e-05
 3.91556455e-05
 3.73443975e-05
 3.56204660e-05
 3.39795759e-05
 3.24173989e-05
 3.09300770e-05
 2.95137569e-05
 2.81649595e-05
 2.68802472e-05
 2.56564839e-05
 2.44905972e-05
 2.33797608e-05
 2.23212240e-05
 2.13124399e-05
 2.03509424e-05
 1.94344361e-05
 1.85607073e-05
 1.77276867e-05
 1.69333848e-05
 1.61759357e-05
 1.54535499e-05
 1.47645439e-05
 1.41073065e-05
 1.34803186e-05
 1.28821280e-05
 1.23113635e-05
 1.17667153e-05
 1.12469448e-05
 1.07508700e-05
 1.02773715e-05
 9.82538194e-06
 9.39388931e-06
 8.98192897e-06
 8.58858560e-06
 8.21298690e-06
 7.85430460e-06
 7.51174949e-06
 7.18457169e-06
 6.87205678e-06
 6.57352556e-06
 6.28833094e-06
 6.01585749e-06
 5.75551883e-06
 5.50675702e-06
 5.26904045e-06
 5.04186311e-06
 4.82474281e-06
 4.61722043e-06
 4.41885842e-06
 4.22924004e-06
 4.04796806e-06
 3.87466405e-06
 3.70896725e-06
 3.55053390e-06
 3.39903622e-06
 3.25416179e-06
 3.11561271e-06
 2.98310494e-06
 2.85636760e-06
 2.73514239e-06
 2.61918291e-06
 2.50825417e-06
 2.40213197e-06
 2.30060244e-06
 2.20346149e-06
 2.11051443e-06
 2.02157544e-06
 1.93646720e-06
 1.85502045e-06
 1.77707367e-06
 1.70247263e-06
 1.63107013e-06
 1.56272563e-06
 1.49730494e-06
 1.43467992e-06
 1.37472821e-06
 1.31733296e-06
 1.26238256e-06
 1.20977042e-06
 1.15939472e-06
 1.11115819e-06
 1.06496790e-06
 1.02073507e-06
 9.78374875e-07
 9.37806266e-07
 8.98951785e-07
